<?xml version="1.0" encoding="UTF-8" standalone="no"?>
<svg
   xmlns:dc="http://purl.org/dc/elements/1.1/"
   xmlns:cc="http://creativecommons.org/ns#"
   xmlns:rdf="http://www.w3.org/1999/02/22-rdf-syntax-ns#"
   xmlns:svg="http://www.w3.org/2000/svg"
   xmlns="http://www.w3.org/2000/svg"
   xmlns:sodipodi="http://sodipodi.sourceforge.net/DTD/sodipodi-0.dtd"
   xmlns:inkscape="http://www.inkscape.org/namespaces/inkscape"
   viewBox="0 0 22 22"
   version="1.1"
   id="svg4"
   sodipodi:docname="New Text Document.svg"
   width="22"
   height="22"
   inkscape:version="0.92.4 (5da689c313, 2019-01-14)">
  <metadata
     id="metadata10">
    <rdf:RDF>
      <cc:Work
         rdf:about="">
        <dc:format>image/svg+xml</dc:format>
        <dc:type
           rdf:resource="http://purl.org/dc/dcmitype/StillImage" />
        <dc:title></dc:title>
      </cc:Work>
    </rdf:RDF>
  </metadata>
  <defs
     id="defs8" />
  <sodipodi:namedview
     pagecolor="#ffffff"
     bordercolor="#666666"
     borderopacity="1"
     objecttolerance="10"
     gridtolerance="10"
     guidetolerance="10"
     inkscape:pageopacity="0"
     inkscape:pageshadow="2"
     inkscape:window-width="2560"
     inkscape:window-height="1017"
     id="namedview6"
     showgrid="false"
     inkscape:zoom="25.483679"
     inkscape:cx="10.95"
     inkscape:cy="15.7"
     inkscape:window-x="-8"
     inkscape:window-y="-8"
     inkscape:window-maximized="1"
     inkscape:current-layer="svg4" />
  <path
     d="m 16.193574,9.3669693 c 0.912392,0.1403653 1.544038,0.5614631 1.894963,1.1229357 0.35091,0.561468 0.561462,1.544037 0.561462,2.807336 0,2.526611 -0.772015,4.632111 -2.316053,6.246328 -1.544039,1.614225 -3.509176,2.456426 -5.895413,2.456426 -0.9123855,0 -1.8247709,-0.140366 -2.7371561,-0.491285 C 6.7889915,21.157794 6.0871569,20.66651 5.4555052,20.105044 4.7536706,19.47339 4.192202,18.701374 3.8412849,17.999538 3.560551,17.22752 3.3500005,16.455501 3.3500005,15.683478 c 0,-0.842196 0.2105505,-1.54403 0.5614679,-2.035316 C 4.262386,13.156876 4.8940374,12.876143 5.6660555,12.665593 5.5256887,12.314675 5.3853214,12.033942 5.3151383,11.753206 5.2449561,11.542659 5.1747716,11.332108 5.1747716,11.191737 c 0,-0.421098 0.2105498,-0.912381 0.7018347,-1.4036657 0.4912843,-0.4912873 0.9123852,-0.7018371 1.3334859,-0.7018371 0.2105509,0 0.3509176,0 0.561468,0.070199 C 7.9821107,9.2266292 8.1926608,9.2967988 8.4733954,9.507348 7.8417434,7.4018303 7.2100922,5.6472435 6.8591746,4.4541241 6.5082577,3.2610048 6.3678906,2.4889864 6.3678906,1.9977021 c 0,-0.6316514 0.1403671,-1.12293555 0.491284,-1.47385318 0.280734,-0.35091758 0.7720187,-0.56146761 1.3334862,-0.56146761 0.9123856,0 2.1055052,2.10550429 3.5793542,6.38669709 0.28074,0.7018348 0.421107,1.263303 0.56147,1.6844036 0.14037,-0.280734 0.280738,-0.7720183 0.491285,-1.3334859 1.473854,-4.2110097 2.737156,-6.31651416 3.719721,-6.31651416 0.491285,0 0.912387,0.14036698 1.26331,0.49128461 0.280736,0.35091725 0.491284,0.84220105 0.491284,1.40366965 0,0.421101 -0.14037,1.2633026 -0.491284,2.4564218 -0.4211,1.1931195 -0.912383,2.7371564 -1.614227,4.6321113 z M 5.3853214,15.543114 c 0.1403673,0.140364 0.3509178,0.421103 0.5614681,0.772023 0.6316517,0.912383 1.2633027,1.403668 1.8247707,1.403668 0.2105505,0 0.3509178,-0.07021 0.4912846,-0.210552 0.1403668,-0.140366 0.2105506,-0.280733 0.2105506,-0.350919 0,-0.140366 -0.070187,-0.421099 -0.2807346,-0.772016 C 7.9821107,16.034398 7.7013769,15.613302 7.3504594,15.192193 6.929358,14.700908 6.5784412,14.279813 6.3678906,14.069261 6.0871569,13.858712 5.8766063,13.718339 5.7362392,13.718339 c -0.3509178,0 -0.7018351,0.210555 -0.9825686,0.561474 -0.2807345,0.350921 -0.4211013,0.842204 -0.4211013,1.333489 0,0.421096 0.070182,0.842199 0.2807337,1.403666 0.2105512,0.491285 0.4912846,1.052749 0.9123857,1.544033 0.6316514,0.701841 1.3334859,1.333488 2.2458715,1.754591 0.9123855,0.421101 1.8247711,0.63165 2.9477078,0.63165 1.965136,0 3.579356,-0.701831 4.912848,-2.175682 1.333479,-1.473852 1.965135,-3.298628 1.965135,-5.544501 0,-0.701835 -0.0702,-1.193117 -0.140373,-1.614215 C 17.386659,11.191737 17.176144,10.911 16.965595,10.770639 16.544491,10.419716 15.772474,10.138989 14.579356,9.8582564 13.386242,9.5775189 12.122939,9.4371495 10.859632,9.4371495 c -0.350915,0 -0.63165,0.070203 -0.772017,0.2105554 -0.1403663,0.1403664 -0.2105502,0.3509153 -0.2105502,0.6316511 0,0.701832 0.3509172,1.193116 1.1229352,1.47385 0.772015,0.280736 2.035323,0.491284 3.71972,0.491284 h 0.63166 c 0.14036,0 0.280735,0.07022 0.350908,0.140367 0.07021,0.140367 0.140374,0.280736 0.140374,0.491286 -0.140374,0.140365 -0.491282,0.350916 -1.052756,0.561468 -0.56147,0.210551 -0.91238,0.421101 -1.193115,0.63165 -0.63165,0.421104 -1.122936,0.982568 -1.473852,1.614217 -0.350924,0.631659 -0.561469,1.193122 -0.561469,1.754589 0,0.350926 0.07015,0.701837 0.210545,1.193121 0.14037,0.491283 0.210555,0.772016 0.210555,0.842202 v 0.280737 c -0.4211,0 -0.772017,-0.280737 -1.052752,-0.77202 -0.280732,-0.491285 -0.35092,-1.122936 -0.35092,-1.965139 v -0.140367 c -0.07018,0.0702 -0.140365,0.140367 -0.210549,0.140367 -0.07019,0 -0.140367,0.07022 -0.280734,0.07022 H 9.8068813 c -0.070187,0 -0.1403668,-0.07022 -0.2807338,-0.07022 0,0.140365 0.070184,0.210552 0.070184,0.350919 v 0.280732 c 0,0.350919 -0.1403667,0.701837 -0.4211005,0.982569 -0.2807341,0.280732 -0.6316515,0.421096 -1.0527522,0.421096 -0.6316511,0 -1.2633033,-0.280724 -1.9651375,-0.91238 -0.6316517,-0.631651 -0.9825697,-1.19312 -0.9825697,-1.824767 0,-0.140374 0,-0.210551 0.070188,-0.280739 0,-0.35092 0.070187,-0.421096 0.1403618,-0.491284 z m 4.5619273,0.35092 c 0.1403663,0 0.3509173,-0.07022 0.4912843,-0.210556 0.140365,-0.140364 0.210553,-0.350911 0.210553,-0.491285 0,-0.210545 -0.140369,-0.631648 -0.421104,-1.333481 C 9.9472487,13.156876 9.5963313,12.45504 9.1752298,11.823391 8.8944961,11.332108 8.5435786,10.911 8.2628448,10.700453 7.9821107,10.419716 7.7013769,10.349541 7.4206431,10.349541 c -0.2105509,0 -0.4211011,0.140364 -0.7018354,0.421098 -0.2807338,0.280734 -0.3509171,0.491283 -0.3509171,0.77202 0,0.210547 0.1403671,0.63165 0.3509171,1.122934 0.2807343,0.491283 0.5614682,0.982569 0.9825692,1.544031 0.4211011,0.561474 0.8422017,1.052758 1.2633024,1.403678 0.4211012,0.140363 0.7018352,0.280732 0.9825694,0.280732 z M 11.421102,8.5949501 9.7366978,3.8926559 C 9.3155968,2.6995372 9.0348633,1.8573349 8.7541289,1.5064177 8.5435786,1.1555003 8.3330285,0.94494986 8.0522938,0.94494986 c -0.2105504,0 -0.3509169,0.0701867 -0.491284,0.21055044 -0.2105504,0.2105504 -0.2807339,0.4211012 -0.2807339,0.7018346 0,0.4912846 0.2105504,1.2633034 0.5614675,2.3862388 C 8.1926608,5.3665098 8.7541289,6.9105459 9.455964,8.7353165 9.526148,8.5949501 9.5963313,8.5247668 9.7366978,8.5247668 9.8770648,8.4545818 10.017432,8.4545818 10.157799,8.4545818 h 0.350918 C 10.719268,8.5247708 11,8.5247708 11.421102,8.5949501 Z m 1.684405,4.5619259 c -0.421103,0 -0.842207,-0.07022 -1.263307,-0.140368 -0.421098,-0.0702 -0.772016,-0.140365 -1.122932,-0.280734 0.140364,0.350921 0.280732,0.631653 0.421102,0.982565 0.140362,0.350922 0.210546,0.631658 0.280732,0.982569 0.210553,-0.280731 0.491283,-0.56146 0.77202,-0.842196 0.350916,-0.280734 0.631648,-0.491285 0.912385,-0.701836 z m 2.035324,-4.0706418 c 0.701831,-1.8247705 1.193114,-3.3688069 1.614212,-4.5619264 0.350923,-1.1931196 0.561473,-1.8949545 0.561473,-2.1756883 0,-0.2807339 -0.07022,-0.4912846 -0.21055,-0.7018349 -0.140371,-0.1403669 -0.280735,-0.2105507 -0.491284,-0.2105507 -0.280737,0 -0.561474,0.2105507 -0.842208,0.7018349 -0.280734,0.4912845 -0.631643,1.1931194 -0.982567,2.2458718 L 13.24587,8.7353165 Z"
     id="path2"
     inkscape:connector-curvature="0"
     style="stroke-width:0.99999988" />
</svg>
