<?xml version="1.0" encoding="UTF-8" standalone="no"?>
<svg
   xmlns:dc="http://purl.org/dc/elements/1.1/"
   xmlns:cc="http://creativecommons.org/ns#"
   xmlns:rdf="http://www.w3.org/1999/02/22-rdf-syntax-ns#"
   xmlns:svg="http://www.w3.org/2000/svg"
   xmlns="http://www.w3.org/2000/svg"
   xmlns:sodipodi="http://sodipodi.sourceforge.net/DTD/sodipodi-0.dtd"
   xmlns:inkscape="http://www.inkscape.org/namespaces/inkscape"
   width="22"
   height="22"
   version="1.1"
   id="svg4"
   sodipodi:docname="behance_4e50a70ac3.svg"
   style="fill:none"
   inkscape:version="0.92.4 (5da689c313, 2019-01-14)">
  <metadata
     id="metadata10">
    <rdf:RDF>
      <cc:Work
         rdf:about="">
        <dc:format>image/svg+xml</dc:format>
        <dc:type
           rdf:resource="http://purl.org/dc/dcmitype/StillImage" />
        <dc:title></dc:title>
      </cc:Work>
    </rdf:RDF>
  </metadata>
  <defs
     id="defs8" />
  <sodipodi:namedview
     pagecolor="#ffffff"
     bordercolor="#666666"
     borderopacity="1"
     objecttolerance="10"
     gridtolerance="10"
     guidetolerance="10"
     inkscape:pageopacity="0"
     inkscape:pageshadow="2"
     inkscape:window-width="2560"
     inkscape:window-height="1017"
     id="namedview6"
     showgrid="false"
     inkscape:zoom="17.832176"
     inkscape:cx="-5.2422452"
     inkscape:cy="8.2783331"
     inkscape:window-x="-8"
     inkscape:window-y="-8"
     inkscape:window-maximized="1"
     inkscape:current-layer="svg4" />
  <path
     d="m 6.6998332,4.9418858 c 0.5500032,0 1.1008202,0.078363 1.57202,0.1567032 0.471203,0.077554 0.8652229,0.2342468 1.179633,0.4684935 0.3144087,0.2342471 0.6287828,0.5476537 0.7863958,0.9377997 0.156798,0.39095 0.235628,0.860255 0.235628,1.407091 0,0.626005 -0.157614,1.094501 -0.393241,1.486259 -0.2355826,0.390132 -0.7067884,0.7027438 -1.179601,1.0153548 0.7076167,0.234243 1.25843,0.547643 1.651626,1.094488 0.392394,0.546841 0.549994,1.172847 0.549994,1.876407 0,0.62519 -0.07871,1.093686 -0.314388,1.562998 -0.235606,0.468496 -0.550018,0.781884 -0.9432136,1.094502 C 9.4514862,16.354554 8.9794656,16.510473 8.507452,16.667172 8.0362535,16.823866 7.4854368,16.90142 6.935433,16.90142 H 1.0389324 V 4.9418858 Z M 6.3066234,9.7100342 c 0.4712008,0 0.8644094,-0.0783 1.1788134,-0.312618 0.3152166,-0.234248 0.4720122,-0.54682 0.4720122,-1.094502 0,-0.312574 -0.078798,-0.468493 -0.1567956,-0.702739 C 7.7218491,7.4434782 7.5650531,7.3651372 7.4074455,7.2084202 A 1.4810314,1.472526 0 0 0 6.7786357,7.0525332 c -0.1576072,-0.07836 -0.3932074,-0.07836 -0.62962,-0.07836 H 3.6337824 v 2.73586 z m 0.1567972,5.0807318 c 0.2355995,0 0.4720124,0 0.7076122,-0.0776 0.2355998,-0.07836 0.4720126,-0.156696 0.6296206,-0.234248 a 0.80510216,0.80047883 0 0 0 0.392396,-0.469284 c 0.078797,-0.234246 0.1576083,-0.468494 0.1576083,-0.781882 0,-0.625205 -0.1576083,-1.016171 -0.5500043,-1.32875 C 7.5650531,11.664786 7.0930409,11.508074 6.5422238,11.508074 H 3.6337824 v 3.28348 h 2.8296382 z m 8.8065514,7.91e-4 c 0.392422,0.312617 0.864417,0.546865 1.572041,0.546865 0.471179,0 0.864415,-0.155898 1.257617,-0.390942 0.314412,-0.234248 0.55081,-0.468496 0.62961,-0.781114 h 2.122854 c -0.315228,1.016158 -0.865222,1.797246 -1.57283,2.189004 -0.707619,0.468496 -1.494046,0.702744 -2.516066,0.702744 -0.706792,0 -1.257602,-0.07836 -1.808412,-0.312608 a 4.460152,4.4345392 0 0 1 -1.415247,-0.937772 c -0.392395,-0.390966 -0.706807,-0.860254 -0.864418,-1.40712 -0.235585,-0.547636 -0.314378,-1.17283 -0.314378,-1.798047 0,-0.625205 0.0787,-1.250395 0.314378,-1.798031 a 4.4634022,4.437771 0 0 1 0.943233,-1.4071198 c 0.314412,-0.54682 0.786401,-0.859438 1.336432,-1.093686 0.55081,-0.234248 1.100804,-0.31339 1.808412,-0.31339 0.707608,0 1.336432,0.156696 1.887242,0.390944 0.549994,0.312588 1.02202,0.62519 1.336432,1.172834 0.314405,0.4684938 0.628791,1.0161698 0.786392,1.6413598 0.156798,0.62519 0.235628,1.25038 0.156798,1.876386 h -6.210088 c 0,0.702744 0.235618,1.32875 0.55081,1.719693 z M 18.021616,10.25767 C 17.70723,9.9450942 17.235224,9.7891742 16.684414,9.7891742 c -0.392426,0 -0.706814,0.0776 -0.94242,0.15592 -0.236398,0.1558818 -0.472022,0.3125758 -0.629613,0.4684928 -0.157595,0.156701 -0.235609,0.390949 -0.314393,0.626001 -0.0788,0.234244 -0.0788,0.390138 -0.0788,0.546832 H 18.57168 C 18.49283,10.96123 18.336038,10.570288 18.021641,10.25767 Z M 19.12165,5.6454342 h -4.874486 v 1.172852 H 19.12165 V 5.6446264 Z"
     id="path2"
     inkscape:connector-curvature="0"
     style="stroke:#28304e;stroke-width:0.99999958;stroke-linecap:round;stroke-linejoin:round" />
</svg>
